2.536283460657e+00
2.657519138179e+00
2.737553219284e+00
2.819212886675e+00
2.902390659337e+00
3.015579121633e+00
2.914776810508e+00
2.993938623556e+00
3.071667078324e+00
3.183825354430e+00
3.261662709529e+00
3.339906918872e+00
3.418831515927e+00
3.337604405063e+00
3.419346603470e+00
3.504037633626e+00
3.586588021786e+00
3.701453506108e+00
3.788178966075e+00
3.673144966687e+00
3.762069466994e+00
3.881157017881e+00
3.970648278711e+00
4.056627251164e+00
4.144045646831e+00
4.259475592374e+00
4.133219957828e+00
4.218222960422e+00
4.303651806467e+00
4.413680652380e+00
4.500603914691e+00
4.583847106919e+00
4.445905190863e+00
4.557110407374e+00
4.646447155864e+00
4.736883840170e+00
4.828702465960e+00
4.944060070667e+00
5.037658853894e+00
4.895359910311e+00
4.992459981227e+00
5.113464271404e+00
5.210169736795e+00
5.306127355433e+00
5.401138308089e+00
5.263459263788e+00
5.359682621774e+00
5.454246047748e+00
5.547451353090e+00
5.661916086474e+00
5.755976570088e+00
5.849917177604e+00
5.676377946283e+00
5.792807122966e+00
5.892119757467e+00
5.992685123294e+00
6.094506090580e+00
6.214655788736e+00
6.030352774318e+00
6.137900013168e+00
6.245681833902e+00
6.371141930685e+00
6.478378034112e+00
6.584840335075e+00
6.690341095806e+00
6.503223586492e+00
6.609805485944e+00
6.715492123860e+00
6.820558626582e+00
6.941314503737e+00
7.045808583107e+00
6.812374281088e+00
6.922106034318e+00
7.047190762469e+00
7.159033503890e+00
7.272165849663e+00
7.386568611799e+00
7.515504124835e+00
7.263871964795e+00
7.385466312985e+00
7.507185494224e+00
7.642431229291e+00
7.763203298746e+00
7.883089613067e+00
7.593695818850e+00
7.730968802010e+00
7.853202788056e+00
7.974558701919e+00
8.095275077715e+00
7.705649766559e+00
7.873370655432e+00
8.077257141672e+00
8.212855042140e+00
8.354967619733e+00
8.035569859033e+00
8.185532990638e+00
8.356951537485e+00
8.536053886922e+00
8.288288484778e+00
8.448443740871e+00