-1.455301230933e+00
-1.460113273618e+00
-1.453631518582e+00
-1.421868333800e+00
-1.375911166603e+00
-1.351370541781e+00
-1.340060994369e+00
-1.347466146598e+00
-1.249768329469e+00
-8.585592801046e-01
-3.676512883018e-01
-1.627680050402e-01
-1.469925165268e-01
-1.061969767503e-01
-1.117562582865e-01
-8.793241840676e-02
-3.365178804228e-02
-1.199016771888e-02
5.089587018467e-02
9.818013369809e-02
1.251813080412e-01
1.814858013033e-01
2.460010948747e-01
2.989513767417e-01
3.736382399307e-01
4.522392498477e-01
5.041528577737e-01
5.457520042007e-01
5.724704104876e-01
6.101819826649e-01
6.968144043256e-01
8.053843762117e-01
8.927823765167e-01
9.853130837511e-01
1.070378342298e+00
1.159766585934e+00
1.241532885755e+00
1.339740587591e+00
1.405074110153e+00
1.465518927046e+00
1.541396983566e+00
1.596952136459e+00
1.643986443648e+00
1.673459208677e+00
1.668439454909e+00
1.642490333263e+00
1.594506966358e+00
1.566801988487e+00
1.595709483716e+00
1.690934964992e+00
1.832018313319e+00
1.996004953584e+00
2.151129014110e+00
2.284877746381e+00
2.392481186613e+00
2.473595153870e+00
2.547076028825e+00
2.607732013182e+00
2.662630860861e+00
2.707810243950e+00
2.747674787994e+00
2.785446949506e+00
2.818502044379e+00
2.858027805797e+00
2.900077842943e+00
2.958574845215e+00
3.051794757740e+00
3.183251989644e+00
3.352967280855e+00
3.499191947926e+00
3.634574699528e+00
3.756144183279e+00
3.865737544643e+00
3.964315565526e+00
4.052314341970e+00
4.131354212178e+00
4.207217743804e+00
4.287330189554e+00
4.350941447193e+00
4.418252043234e+00
4.484100667908e+00
4.559395196365e+00
4.636718296965e+00
4.723130958455e+00
4.817886697940e+00
4.919857759513e+00
5.024366158526e+00
5.122989492894e+00
5.217803734045e+00
5.305855868291e+00
5.394718370077e+00
5.455345895609e+00
5.523054003504e+00
5.581668533779e+00
5.635436244500e+00
5.680840979612e+00
5.725431216816e+00
5.769172467602e+00
5.821895867187e+00
5.865996540642e+00