9.257827185926e-01
1.059443686316e+00
1.148426414524e+00
1.237884466726e+00
1.177043771025e+00
1.316970239430e+00
1.408908863783e+00
1.499889953572e+00
1.636768713109e+00
1.569316709855e+00
1.657994096807e+00
1.789782057702e+00
1.878830086737e+00
1.966911834847e+00
2.095201023793e+00
2.020966320573e+00
2.113484631975e+00
2.244366692915e+00
2.340014335684e+00
2.437216655240e+00
2.363756735115e+00
2.499697260588e+00
2.599892709415e+00
2.699371758088e+00
2.833136798760e+00
2.750550948232e+00
2.848585418169e+00
2.978791104374e+00
3.074546701030e+00
3.170546432152e+00
3.108345095482e+00
3.207835765877e+00
3.308291709319e+00
3.438821123808e+00
3.542194541818e+00
3.446855383722e+00
3.554631284510e+00
3.690953201188e+00
3.800261452697e+00
3.909282632475e+00
4.044070198353e+00
3.939148528633e+00
4.045370204542e+00
4.177942635935e+00
4.283295467933e+00
4.387922535699e+00
4.294690933155e+00
4.403145749484e+00
4.513129026594e+00
4.624117524945e+00
4.758727038604e+00
4.636494569654e+00
4.754874879795e+00
4.895630123356e+00
5.014044739738e+00
5.131742645691e+00
5.018916080991e+00
5.137788895989e+00
5.255363190550e+00
5.392730051396e+00
5.508054641623e+00
5.353644912078e+00
5.492187079704e+00
5.611846404477e+00
5.732992220208e+00
5.855780586675e+00
5.708626485428e+00
5.838048801739e+00
5.968975625762e+00
6.117907972446e+00
6.249704306516e+00
6.380798907013e+00
6.220050559426e+00
6.352917378558e+00
6.484532425204e+00
6.631884047102e+00
6.761565619144e+00
6.557431858281e+00
6.709060007638e+00
6.845764537814e+00
6.982909623788e+00
7.121193316127e+00
6.910274363530e+00
7.058171492932e+00
7.208026611441e+00
7.372124380911e+00
7.522450441568e+00
7.270007426939e+00
7.439587823292e+00
7.594897618012e+00
7.749026726873e+00
7.396339531605e+00
7.667250431289e+00
7.834390349994e+00
8.009054760506e+00
7.716980701593e+00
7.903682728246e+00
8.110710255077e+00
8.322286293962e+00
8.095148227298e+00