sweep-lambda_P_slice(12,2)
 -2.703689551670e+00 3.014845082147e-01
 -2.576043967968e+00 3.645202092271e-01
 -2.270782383147e+00 4.678491669276e-01
 -2.156170896291e+00 5.155536923574e-01
 -2.247586710430e+00 4.674606177321e-01
 -2.546475738186e+00 3.640713985481e-01
 -2.681456210225e+00 3.014844027706e-01
 -2.558527343120e+00 3.646238740943e-01
 -2.263349887319e+00 4.681445419306e-01
 -2.166668844197e+00 5.155536923574e-01
 -2.268483856367e+00 4.664893035783e-01
 -2.571329299018e+00 3.635282578010e-01
