sweep-lambda_P_slice(12,2)
 -2.472471758269e+00 4.485650714428e-01
 -2.165261825367e+00 5.922039790941e-01
 -1.496348499469e+00 8.083420371527e-01
 -1.079822739970e+00 9.545669793675e-01
 -1.466760617990e+00 8.069226749714e-01
 -2.124113831386e+00 5.924147266792e-01
 -2.447729323203e+00 4.485649046784e-01
 -2.142926113150e+00 5.928681387075e-01
 -1.488131078478e+00 8.078124137763e-01
 -1.094747001622e+00 9.545669793675e-01
 -1.503842222937e+00 8.054352083614e-01
 -2.159280441388e+00 5.900394721966e-01
