sweep-lambda_P_slice(12,2)
 -1.666759823999e+00 7.573311505111e-01
 -1.400622937108e+00 8.829055332231e-01
 -2.986674715298e-01 1.142300167335e+00
 3.031467698804e-01 1.273064208728e+00
 -3.306659628122e-01 1.141753517733e+00
 -1.285852130642e+00 8.834136824942e-01
 -1.571557734821e+00 7.573310639816e-01
 -1.321066071864e+00 8.835388434407e-01
 -2.789712217798e-01 1.142622717364e+00
 4.648980968743e-01 1.273064208728e+00
 -2.388812985627e-01 1.141703138824e+00
 -1.423444221463e+00 8.842272361182e-01
