sweep-lambda_P_slice(12,2)
 -7.902385014943e-01 1.005368087209e+00
 -5.509003456562e-01 1.147487452937e+00
 1.975440609361e-01 1.418582914800e+00
 7.095281281615e-01 1.558686295621e+00
 1.824774008667e-01 1.418180873768e+00
 -4.915931305337e-01 1.147946413664e+00
 -7.569950144018e-01 1.005368062026e+00
 -4.421796585062e-01 1.148382468859e+00
 2.965535989197e-01 1.419008325214e+00
 8.297714424522e-01 1.558686295621e+00
 3.097794697482e-01 1.417145341915e+00
 -4.922497719576e-01 1.148915343576e+00
